chr1	85725	85726	1
chr1	86645	86646	1
chr1	235714	235715	964
chr1	89763	89764	3
chr1	236628	236629	236
chr1	91214	91215	2
chr1	237863	237864	3
chr1	237886	237887	1
chr1	91642	91643	1
chr1	92677	92678	1
chr1	94835	94836	5
chr1	95012	95013	2
chr1	245365	245366	12
chr1	245424	245425	9
chr1	100654	100655	3
chr1	248006	248007	1
chr1	102968	102969	1
chr1	250500	250501	2
chr1	108561	108562	6
chr1	255925	255926	6
chr1	111516	111517	2
chr1	260872	260873	2
chr1	115735	115736	2
chr1	118600	118601	4
chr1	267312	267313	4
chr1	267358	267359	24
chr1	267391	267392	3
